	Siciliano_Ragusa	Siciliano_Mussomeli	Calabrese_Southern	Salentino	Calabrese_Northern	Barese	Campano	Teramano	Casalasco	Reggio_Emilia	Parma	Italian	Spanish	French	Portuguese	Romanian	Greek_Salento	Greek_Calabria_1	Greek_Calabria_2	Greek	Greek_Cypriot	English	Dutch	Afrikaans	German	Danish	Icelandic	Faroese	Norwegian	Bulgarian	Serbo-Croatian	Slovenian	Polish	Russian	Irish	Welsh	Marathi	Hindi	Pashto	Tamil	Telugu	Hungarian	Khanty_1	Khanty_2	Estonian	Finnish	Mari_1	Mari_2	Udmurt_1	Udmurt_2	Yukaghir	Even_1	Even_2	Evenki	Yakut	Uzbek	Kazakh	Kirghiz	Turkish	Buryat	Archi	Lak	Basque_Central	Basque_Western	Malagasy	Mandarin	Cantonese	Japanese	Korean
Siciliano_Ragusa	0.0	0.0	0.04	0.087	0.115	0.12	0.12	0.16	0.231	0.2	0.2	0.08	0.148	0.231	0.115	0.214	0.25	0.32	0.25	0.346	0.346	0.227	0.217	0.261	0.25	0.25	0.333	0.25	0.25	0.208	0.273	0.273	0.238	0.273	0.333	0.333	0.318	0.286	0.286	0.35	0.368	0.524	0.579	0.55	0.5	0.524	0.526	0.5	0.55	0.524	0.5	0.476	0.476	0.476	0.5	0.474	0.474	0.474	0.474	0.45	0.389	0.389	0.478	0.5	0.6	0.625	0.625	0.615	0.583
Siciliano_Mussomeli	0.0	0.0	0.04	0.087	0.115	0.12	0.12	0.16	0.231	0.2	0.2	0.08	0.148	0.231	0.115	0.214	0.25	0.32	0.25	0.346	0.346	0.227	0.217	0.261	0.25	0.25	0.333	0.25	0.25	0.208	0.273	0.273	0.238	0.273	0.333	0.333	0.318	0.286	0.286	0.35	0.368	0.524	0.579	0.55	0.5	0.524	0.526	0.5	0.55	0.524	0.5	0.476	0.476	0.476	0.5	0.474	0.474	0.474	0.474	0.45	0.389	0.389	0.478	0.5	0.6	0.625	0.625	0.615	0.583
Calabrese_Southern	0.04	0.04	0.0	0.125	0.148	0.154	0.154	0.192	0.231	0.2	0.2	0.08	0.148	0.231	0.115	0.214	0.28	0.346	0.28	0.346	0.346	0.227	0.217	0.261	0.25	0.25	0.333	0.25	0.25	0.208	0.273	0.273	0.238	0.273	0.36	0.36	0.318	0.286	0.286	0.35	0.368	0.524	0.579	0.55	0.5	0.524	0.526	0.5	0.55	0.524	0.5	0.476	0.476	0.476	0.5	0.474	0.474	0.474	0.474	0.45	0.389	0.389	0.478	0.5	0.6	0.625	0.625	0.615	0.583
Salentino	0.087	0.087	0.125	0.0	0.125	0.13	0.13	0.174	0.28	0.208	0.208	0.125	0.192	0.28	0.16	0.259	0.217	0.292	0.217	0.32	0.32	0.227	0.217	0.261	0.25	0.25	0.333	0.25	0.25	0.208	0.273	0.273	0.238	0.273	0.333	0.333	0.318	0.286	0.286	0.35	0.368	0.524	0.579	0.55	0.5	0.524	0.526	0.5	0.55	0.524	0.5	0.476	0.476	0.476	0.5	0.474	0.474	0.474	0.474	0.45	0.389	0.389	0.545	0.565	0.6	0.625	0.625	0.615	0.583
Calabrese_Northern	0.115	0.115	0.148	0.125	0.0	0.08	0.08	0.12	0.259	0.192	0.192	0.077	0.207	0.286	0.179	0.207	0.25	0.32	0.25	0.346	0.346	0.292	0.28	0.32	0.28	0.24	0.296	0.24	0.24	0.269	0.273	0.273	0.238	0.273	0.36	0.36	0.348	0.318	0.318	0.381	0.368	0.545	0.579	0.55	0.5	0.524	0.526	0.5	0.55	0.524	0.5	0.476	0.476	0.476	0.5	0.474	0.474	0.474	0.474	0.476	0.389	0.389	0.5	0.52	0.6	0.667	0.667	0.615	0.583
Barese	0.12	0.12	0.154	0.13	0.08	0.0	0.0	0.043	0.2	0.125	0.125	0.08	0.214	0.231	0.185	0.214	0.292	0.36	0.292	0.385	0.385	0.304	0.292	0.333	0.32	0.25	0.333	0.25	0.25	0.28	0.318	0.318	0.286	0.318	0.4	0.4	0.364	0.333	0.333	0.4	0.421	0.591	0.632	0.6	0.526	0.55	0.579	0.55	0.6	0.571	0.55	0.524	0.524	0.524	0.55	0.526	0.526	0.526	0.526	0.5	0.444	0.444	0.478	0.5	0.6	0.625	0.625	0.615	0.583
Campano	0.12	0.12	0.154	0.13	0.08	0.0	0.0	0.043	0.2	0.125	0.125	0.08	0.214	0.231	0.185	0.214	0.292	0.36	0.292	0.385	0.385	0.304	0.292	0.333	0.32	0.25	0.333	0.25	0.25	0.28	0.318	0.318	0.286	0.318	0.4	0.4	0.364	0.333	0.333	0.4	0.421	0.591	0.632	0.6	0.526	0.55	0.579	0.55	0.6	0.571	0.55	0.524	0.524	0.524	0.55	0.526	0.526	0.526	0.526	0.5	0.444	0.444	0.478	0.5	0.6	0.625	0.625	0.615	0.583
Teramano	0.16	0.16	0.192	0.174	0.12	0.043	0.043	0.0	0.192	0.083	0.083	0.12	0.25	0.192	0.222	0.25	0.333	0.385	0.333	0.385	0.385	0.348	0.333	0.375	0.36	0.292	0.37	0.292	0.292	0.32	0.318	0.318	0.286	0.318	0.4	0.4	0.364	0.333	0.333	0.429	0.45	0.609	0.65	0.619	0.55	0.571	0.6	0.571	0.619	0.591	0.571	0.524	0.524	0.524	0.55	0.526	0.526	0.526	0.526	0.524	0.474	0.474	0.522	0.5	0.55	0.625	0.625	0.615	0.583
Casalasco	0.231	0.231	0.231	0.28	0.259	0.2	0.2	0.192	0.0	0.083	0.083	0.16	0.286	0.192	0.259	0.222	0.36	0.407	0.36	0.37	0.37	0.304	0.292	0.333	0.32	0.25	0.333	0.25	0.25	0.32	0.318	0.318	0.318	0.318	0.4	0.4	0.333	0.3	0.3	0.429	0.45	0.609	0.65	0.619	0.526	0.571	0.6	0.571	0.619	0.591	0.571	0.524	0.524	0.524	0.55	0.526	0.526	0.526	0.526	0.524	0.474	0.474	0.545	0.48	0.571	0.625	0.625	0.615	0.583
Reggio_Emilia	0.2	0.2	0.2	0.208	0.192	0.125	0.125	0.083	0.083	0.0	0.0	0.12	0.25	0.192	0.222	0.25	0.36	0.407	0.36	0.37	0.37	0.333	0.32	0.36	0.346	0.28	0.357	0.28	0.28	0.308	0.304	0.304	0.273	0.304	0.423	0.423	0.364	0.333	0.333	0.429	0.45	0.609	0.65	0.619	0.55	0.571	0.6	0.571	0.619	0.591	0.571	0.524	0.524	0.524	0.55	0.526	0.526	0.526	0.526	0.524	0.474	0.474	0.565	0.538	0.55	0.625	0.625	0.615	0.583
Parma	0.2	0.2	0.2	0.208	0.192	0.125	0.125	0.083	0.083	0.0	0.0	0.12	0.25	0.192	0.222	0.25	0.36	0.407	0.36	0.37	0.37	0.333	0.32	0.36	0.346	0.28	0.357	0.28	0.28	0.308	0.304	0.304	0.273	0.304	0.423	0.423	0.364	0.333	0.333	0.429	0.45	0.609	0.65	0.619	0.55	0.571	0.6	0.571	0.619	0.591	0.571	0.524	0.524	0.524	0.55	0.526	0.526	0.526	0.526	0.524	0.474	0.474	0.565	0.538	0.55	0.625	0.625	0.615	0.583
Italian	0.08	0.08	0.08	0.125	0.077	0.08	0.08	0.12	0.16	0.12	0.12	0.0	0.143	0.222	0.111	0.143	0.28	0.346	0.28	0.333	0.333	0.25	0.24	0.28	0.269	0.2	0.286	0.2	0.2	0.231	0.261	0.261	0.227	0.261	0.385	0.385	0.318	0.286	0.286	0.35	0.368	0.545	0.579	0.55	0.5	0.524	0.526	0.5	0.55	0.524	0.5	0.476	0.476	0.476	0.5	0.474	0.474	0.474	0.474	0.45	0.389	0.389	0.478	0.5	0.6	0.625	0.625	0.615	0.583
Spanish	0.148	0.148	0.148	0.192	0.207	0.214	0.214	0.25	0.286	0.25	0.25	0.143	0.0	0.148	0.037	0.172	0.308	0.37	0.308	0.296	0.296	0.25	0.167	0.208	0.2	0.24	0.286	0.24	0.24	0.231	0.261	0.261	0.227	0.261	0.346	0.346	0.273	0.238	0.2	0.35	0.368	0.545	0.579	0.55	0.5	0.524	0.526	0.5	0.55	0.524	0.524	0.429	0.429	0.429	0.45	0.421	0.421	0.421	0.421	0.476	0.389	0.389	0.435	0.458	0.619	0.5	0.5	0.538	0.5
French	0.231	0.231	0.231	0.28	0.286	0.231	0.231	0.192	0.192	0.192	0.192	0.222	0.148	0.0	0.185	0.214	0.333	0.36	0.333	0.28	0.28	0.273	0.261	0.304	0.292	0.292	0.333	0.292	0.292	0.32	0.318	0.318	0.318	0.318	0.333	0.333	0.286	0.25	0.211	0.4	0.421	0.571	0.632	0.6	0.5	0.55	0.579	0.55	0.6	0.571	0.571	0.476	0.476	0.476	0.5	0.474	0.474	0.474	0.474	0.524	0.444	0.444	0.5	0.458	0.55	0.5	0.5	0.538	0.5
Portuguese	0.115	0.115	0.115	0.16	0.179	0.185	0.185	0.222	0.259	0.222	0.222	0.111	0.037	0.185	0.0	0.207	0.28	0.346	0.28	0.333	0.333	0.25	0.167	0.208	0.2	0.24	0.286	0.24	0.24	0.231	0.261	0.261	0.227	0.261	0.346	0.346	0.318	0.286	0.25	0.35	0.368	0.545	0.579	0.55	0.5	0.524	0.526	0.5	0.55	0.524	0.5	0.476	0.476	0.476	0.5	0.474	0.474	0.474	0.474	0.45	0.389	0.389	0.435	0.458	0.619	0.625	0.625	0.615	0.583
Romanian	0.214	0.214	0.214	0.259	0.207	0.214	0.214	0.25	0.222	0.25	0.25	0.143	0.172	0.214	0.207	0.0	0.308	0.37	0.308	0.296	0.296	0.28	0.24	0.28	0.269	0.192	0.267	0.222	0.214	0.276	0.304	0.304	0.304	0.304	0.407	0.407	0.273	0.238	0.2	0.381	0.4	0.583	0.6	0.571	0.5	0.545	0.55	0.524	0.571	0.545	0.545	0.455	0.455	0.455	0.476	0.45	0.45	0.45	0.45	0.5	0.421	0.421	0.478	0.5	0.636	0.556	0.556	0.571	0.538
Greek_Salento	0.25	0.25	0.28	0.217	0.25	0.292	0.292	0.333	0.36	0.36	0.36	0.28	0.308	0.333	0.28	0.308	0.0	0.095	0.0	0.174	0.174	0.304	0.292	0.333	0.25	0.32	0.308	0.32	0.292	0.292	0.238	0.238	0.238	0.238	0.304	0.304	0.364	0.333	0.333	0.455	0.4	0.524	0.579	0.55	0.5	0.524	0.526	0.5	0.55	0.524	0.5	0.476	0.476	0.476	0.5	0.474	0.474	0.474	0.474	0.524	0.421	0.421	0.636	0.652	0.579	0.667	0.667	0.5	0.455
Greek_Calabria_1	0.32	0.32	0.346	0.292	0.32	0.36	0.36	0.385	0.407	0.407	0.407	0.346	0.37	0.36	0.346	0.37	0.095	0.0	0.095	0.091	0.091	0.348	0.333	0.375	0.292	0.36	0.346	0.36	0.333	0.333	0.238	0.238	0.238	0.238	0.333	0.333	0.364	0.333	0.333	0.435	0.381	0.476	0.55	0.524	0.476	0.5	0.5	0.476	0.524	0.5	0.476	0.476	0.476	0.476	0.5	0.474	0.474	0.474	0.474	0.5	0.4	0.4	0.682	0.625	0.619	0.667	0.667	0.5	0.455
Greek_Calabria_2	0.25	0.25	0.28	0.217	0.25	0.292	0.292	0.333	0.36	0.36	0.36	0.28	0.308	0.333	0.28	0.308	0.0	0.095	0.0	0.174	0.174	0.304	0.292	0.333	0.25	0.32	0.308	0.32	0.292	0.292	0.238	0.238	0.238	0.238	0.304	0.304	0.364	0.333	0.333	0.455	0.4	0.524	0.579	0.55	0.5	0.524	0.526	0.5	0.55	0.524	0.5	0.476	0.476	0.476	0.5	0.474	0.474	0.474	0.474	0.524	0.421	0.421	0.636	0.652	0.579	0.667	0.667	0.5	0.455
Greek	0.346	0.346	0.346	0.32	0.346	0.385	0.385	0.385	0.37	0.37	0.37	0.333	0.296	0.28	0.333	0.296	0.174	0.091	0.174	0.0	0.0	0.28	0.269	0.308	0.231	0.296	0.286	0.296	0.269	0.269	0.174	0.174	0.174	0.174	0.333	0.333	0.318	0.286	0.286	0.455	0.4	0.5	0.579	0.55	0.5	0.524	0.526	0.5	0.55	0.524	0.524	0.429	0.429	0.429	0.45	0.421	0.421	0.421	0.421	0.545	0.421	0.421	0.667	0.636	0.6	0.556	0.556	0.417	0.364
Greek_Cypriot	0.346	0.346	0.346	0.32	0.346	0.385	0.385	0.385	0.37	0.37	0.37	0.333	0.296	0.28	0.333	0.296	0.174	0.091	0.174	0.0	0.0	0.28	0.269	0.308	0.231	0.296	0.286	0.296	0.269	0.269	0.174	0.174	0.174	0.174	0.333	0.333	0.318	0.286	0.286	0.455	0.4	0.5	0.579	0.55	0.5	0.524	0.526	0.5	0.55	0.524	0.524	0.429	0.429	0.429	0.45	0.421	0.421	0.421	0.421	0.545	0.421	0.421	0.667	0.636	0.6	0.556	0.556	0.417	0.364
English	0.227	0.227	0.227	0.227	0.292	0.304	0.304	0.348	0.304	0.333	0.333	0.25	0.25	0.273	0.25	0.28	0.304	0.348	0.304	0.28	0.28	0.0	0.125	0.087	0.16	0.12	0.192	0.12	0.12	0.231	0.261	0.261	0.261	0.261	0.273	0.273	0.35	0.316	0.316	0.368	0.389	0.5	0.529	0.5	0.412	0.474	0.471	0.444	0.5	0.474	0.5	0.474	0.474	0.474	0.5	0.438	0.471	0.471	0.471	0.474	0.412	0.412	0.5	0.526	0.556	0.714	0.714	0.636	0.6
Dutch	0.217	0.217	0.217	0.217	0.28	0.292	0.292	0.333	0.292	0.32	0.32	0.24	0.167	0.261	0.167	0.24	0.292	0.333	0.292	0.269	0.269	0.125	0.0	0.043	0.042	0.12	0.154	0.12	0.12	0.192	0.217	0.217	0.217	0.217	0.261	0.261	0.3	0.263	0.263	0.316	0.333	0.545	0.556	0.526	0.444	0.5	0.5	0.474	0.526	0.5	0.526	0.5	0.5	0.5	0.526	0.471	0.5	0.5	0.5	0.5	0.353	0.353	0.474	0.5	0.6	0.714	0.714	0.636	0.6
Afrikaans	0.261	0.261	0.261	0.261	0.32	0.333	0.333	0.375	0.333	0.36	0.36	0.28	0.208	0.304	0.208	0.28	0.333	0.375	0.333	0.308	0.308	0.087	0.043	0.0	0.083	0.16	0.192	0.16	0.16	0.231	0.261	0.261	0.261	0.261	0.304	0.304	0.35	0.316	0.316	0.368	0.389	0.524	0.529	0.5	0.412	0.474	0.471	0.444	0.5	0.474	0.5	0.474	0.474	0.474	0.5	0.438	0.471	0.471	0.471	0.474	0.412	0.412	0.444	0.474	0.579	0.714	0.714	0.636	0.6
German	0.25	0.25	0.25	0.25	0.28	0.32	0.32	0.36	0.32	0.346	0.346	0.269	0.2	0.292	0.2	0.269	0.25	0.292	0.25	0.231	0.231	0.16	0.042	0.083	0.0	0.154	0.115	0.154	0.154	0.222	0.174	0.174	0.208	0.208	0.217	0.217	0.333	0.3	0.3	0.35	0.333	0.545	0.556	0.526	0.444	0.5	0.5	0.474	0.526	0.5	0.526	0.5	0.5	0.5	0.526	0.471	0.5	0.5	0.5	0.524	0.353	0.353	0.5	0.524	0.6	0.75	0.75	0.545	0.5
Danish	0.25	0.25	0.25	0.25	0.24	0.25	0.25	0.292	0.25	0.28	0.28	0.2	0.24	0.292	0.24	0.192	0.32	0.36	0.32	0.296	0.296	0.12	0.12	0.16	0.154	0.0	0.111	0.038	0.074	0.214	0.217	0.217	0.217	0.217	0.292	0.292	0.3	0.263	0.263	0.316	0.333	0.565	0.556	0.526	0.444	0.5	0.5	0.474	0.526	0.5	0.526	0.5	0.5	0.5	0.526	0.471	0.5	0.5	0.5	0.5	0.353	0.353	0.526	0.55	0.6	0.714	0.714	0.636	0.6
Icelandic	0.333	0.333	0.333	0.333	0.296	0.333	0.333	0.37	0.333	0.357	0.357	0.286	0.286	0.333	0.286	0.267	0.308	0.346	0.308	0.286	0.286	0.192	0.154	0.192	0.115	0.111	0.0	0.143	0.107	0.2	0.174	0.174	0.208	0.208	0.2	0.2	0.333	0.3	0.263	0.35	0.333	0.565	0.556	0.526	0.444	0.5	0.5	0.474	0.526	0.5	0.526	0.5	0.5	0.5	0.526	0.471	0.5	0.5	0.5	0.524	0.353	0.353	0.55	0.571	0.6	0.75	0.75	0.545	0.5
Faroese	0.25	0.25	0.25	0.25	0.24	0.25	0.25	0.292	0.25	0.28	0.28	0.2	0.24	0.292	0.24	0.222	0.32	0.36	0.32	0.296	0.296	0.12	0.12	0.16	0.154	0.038	0.143	0.0	0.037	0.241	0.217	0.217	0.217	0.217	0.292	0.292	0.3	0.263	0.263	0.316	0.333	0.565	0.556	0.526	0.444	0.5	0.5	0.474	0.526	0.5	0.526	0.5	0.5	0.5	0.526	0.471	0.5	0.5	0.5	0.5	0.353	0.353	0.526	0.55	0.6	0.714	0.714	0.636	0.6
Norwegian	0.25	0.25	0.25	0.25	0.24	0.25	0.25	0.292	0.25	0.28	0.28	0.2	0.24	0.292	0.24	0.214	0.292	0.333	0.292	0.269	0.269	0.12	0.12	0.16	0.154	0.074	0.107	0.037	0.0	0.207	0.217	0.217	0.217	0.217	0.292	0.292	0.3	0.263	0.222	0.316	0.333	0.565	0.556	0.526	0.444	0.5	0.5	0.474	0.526	0.5	0.526	0.5	0.5	0.5	0.526	0.471	0.5	0.5	0.5	0.5	0.353	0.353	0.526	0.55	0.6	0.714	0.714	0.636	0.6
Bulgarian	0.208	0.208	0.208	0.208	0.269	0.28	0.28	0.32	0.32	0.308	0.308	0.231	0.231	0.32	0.231	0.276	0.292	0.333	0.292	0.269	0.269	0.231	0.192	0.231	0.222	0.214	0.2	0.241	0.207	0.0	0.125	0.125	0.167	0.125	0.346	0.346	0.333	0.3	0.263	0.35	0.368	0.545	0.579	0.55	0.5	0.524	0.526	0.5	0.55	0.524	0.526	0.5	0.5	0.5	0.526	0.471	0.5	0.5	0.5	0.5	0.389	0.389	0.55	0.571	0.6	0.714	0.714	0.636	0.6
Serbo-Croatian	0.273	0.273	0.273	0.273	0.273	0.318	0.318	0.318	0.318	0.304	0.304	0.261	0.261	0.318	0.261	0.304	0.238	0.238	0.238	0.174	0.174	0.261	0.217	0.261	0.174	0.217	0.174	0.217	0.217	0.125	0.0	0.0	0.087	0.043	0.286	0.286	0.35	0.316	0.35	0.4	0.368	0.55	0.556	0.526	0.474	0.5	0.5	0.474	0.526	0.5	0.5	0.474	0.474	0.474	0.5	0.438	0.471	0.471	0.471	0.55	0.389	0.389	0.611	0.556	0.556	0.75	0.75	0.5	0.444
Slovenian	0.273	0.273	0.273	0.273	0.273	0.318	0.318	0.318	0.318	0.304	0.304	0.261	0.261	0.318	0.261	0.304	0.238	0.238	0.238	0.174	0.174	0.261	0.217	0.261	0.174	0.217	0.174	0.217	0.217	0.125	0.0	0.0	0.087	0.043	0.286	0.286	0.35	0.316	0.35	0.4	0.368	0.55	0.556	0.526	0.474	0.5	0.5	0.474	0.526	0.5	0.5	0.474	0.474	0.474	0.5	0.438	0.471	0.471	0.471	0.55	0.389	0.389	0.611	0.556	0.556	0.75	0.75	0.5	0.444
Polish	0.238	0.238	0.238	0.238	0.238	0.286	0.286	0.286	0.318	0.273	0.273	0.227	0.227	0.318	0.227	0.304	0.238	0.238	0.238	0.174	0.174	0.261	0.217	0.261	0.208	0.217	0.208	0.217	0.217	0.167	0.087	0.087	0.0	0.043	0.286	0.286	0.35	0.316	0.35	0.4	0.368	0.55	0.556	0.526	0.474	0.5	0.5	0.474	0.526	0.5	0.5	0.474	0.474	0.474	0.5	0.438	0.471	0.471	0.471	0.55	0.389	0.389	0.611	0.556	0.556	0.75	0.75	0.5	0.444
Russian	0.273	0.273	0.273	0.273	0.273	0.318	0.318	0.318	0.318	0.304	0.304	0.261	0.261	0.318	0.261	0.304	0.238	0.238	0.238	0.174	0.174	0.261	0.217	0.261	0.208	0.217	0.208	0.217	0.217	0.125	0.043	0.043	0.043	0.0	0.286	0.286	0.35	0.316	0.35	0.4	0.368	0.55	0.556	0.526	0.474	0.5	0.5	0.474	0.526	0.5	0.5	0.474	0.474	0.474	0.5	0.438	0.471	0.471	0.471	0.55	0.389	0.389	0.611	0.556	0.556	0.75	0.75	0.5	0.444
Irish	0.333	0.333	0.36	0.333	0.36	0.4	0.4	0.4	0.4	0.423	0.423	0.385	0.346	0.333	0.346	0.407	0.304	0.333	0.304	0.333	0.333	0.273	0.261	0.304	0.217	0.292	0.2	0.292	0.292	0.346	0.286	0.286	0.286	0.286	0.0	0.0	0.381	0.35	0.316	0.429	0.421	0.5	0.556	0.526	0.444	0.5	0.5	0.474	0.526	0.5	0.55	0.55	0.55	0.55	0.5	0.471	0.471	0.471	0.471	0.524	0.353	0.353	0.6	0.591	0.579	0.75	0.75	0.545	0.5
Welsh	0.333	0.333	0.36	0.333	0.36	0.4	0.4	0.4	0.4	0.423	0.423	0.385	0.346	0.333	0.346	0.407	0.304	0.333	0.304	0.333	0.333	0.273	0.261	0.304	0.217	0.292	0.2	0.292	0.292	0.346	0.286	0.286	0.286	0.286	0.0	0.0	0.381	0.35	0.316	0.429	0.421	0.5	0.556	0.526	0.444	0.5	0.5	0.474	0.526	0.5	0.55	0.55	0.55	0.55	0.5	0.471	0.471	0.471	0.471	0.524	0.353	0.353	0.6	0.591	0.579	0.75	0.75	0.545	0.5
Marathi	0.318	0.318	0.318	0.318	0.348	0.364	0.364	0.364	0.333	0.364	0.364	0.318	0.273	0.286	0.318	0.273	0.364	0.364	0.364	0.318	0.318	0.35	0.3	0.35	0.333	0.3	0.333	0.3	0.3	0.333	0.35	0.35	0.35	0.35	0.381	0.381	0.0	0.05	0.19	0.25	0.263	0.5	0.471	0.389	0.474	0.45	0.389	0.316	0.421	0.35	0.4	0.3	0.3	0.3	0.316	0.278	0.278	0.278	0.278	0.35	0.278	0.278	0.444	0.389	0.471	0.444	0.444	0.5	0.571
Hindi	0.286	0.286	0.286	0.286	0.318	0.333	0.333	0.333	0.3	0.333	0.333	0.286	0.238	0.25	0.286	0.238	0.333	0.333	0.333	0.286	0.286	0.316	0.263	0.316	0.3	0.263	0.3	0.263	0.263	0.3	0.316	0.316	0.316	0.316	0.35	0.35	0.05	0.0	0.238	0.25	0.263	0.474	0.471	0.444	0.444	0.5	0.389	0.368	0.421	0.4	0.4	0.3	0.3	0.3	0.316	0.278	0.278	0.278	0.278	0.35	0.278	0.278	0.5	0.444	0.529	0.375	0.375	0.571	0.538
Pashto	0.286	0.286	0.286	0.286	0.318	0.333	0.333	0.333	0.3	0.333	0.333	0.286	0.2	0.211	0.25	0.2	0.333	0.333	0.333	0.286	0.286	0.316	0.263	0.316	0.3	0.263	0.263	0.263	0.222	0.263	0.35	0.35	0.35	0.35	0.316	0.316	0.19	0.238	0.0	0.35	0.4	0.55	0.529	0.444	0.474	0.421	0.5	0.421	0.526	0.45	0.5	0.4	0.4	0.4	0.421	0.389	0.389	0.389	0.389	0.45	0.421	0.421	0.471	0.412	0.529	0.556	0.556	0.462	0.538
Tamil	0.35	0.35	0.35	0.35	0.381	0.4	0.4	0.429	0.429	0.429	0.429	0.35	0.35	0.4	0.35	0.381	0.455	0.435	0.455	0.455	0.455	0.368	0.316	0.368	0.35	0.316	0.35	0.316	0.316	0.35	0.4	0.4	0.4	0.4	0.429	0.429	0.25	0.25	0.35	0.0	0.105	0.5	0.412	0.444	0.5	0.524	0.368	0.4	0.35	0.381	0.4	0.4	0.4	0.4	0.421	0.353	0.389	0.389	0.389	0.286	0.25	0.25	0.529	0.444	0.611	0.75	0.75	0.75	0.75
Telugu	0.368	0.368	0.368	0.368	0.368	0.421	0.421	0.45	0.45	0.45	0.45	0.368	0.368	0.421	0.368	0.4	0.4	0.381	0.4	0.4	0.4	0.389	0.333	0.389	0.333	0.333	0.333	0.333	0.333	0.368	0.368	0.368	0.368	0.368	0.421	0.421	0.263	0.263	0.4	0.105	0.0	0.5	0.412	0.444	0.474	0.5	0.333	0.368	0.368	0.4	0.368	0.368	0.368	0.368	0.389	0.312	0.353	0.353	0.353	0.381	0.211	0.211	0.562	0.471	0.588	0.75	0.75	0.7	0.7
Hungarian	0.524	0.524	0.524	0.524	0.545	0.591	0.591	0.609	0.609	0.609	0.609	0.545	0.545	0.571	0.545	0.583	0.524	0.476	0.524	0.5	0.5	0.5	0.545	0.524	0.545	0.565	0.565	0.565	0.565	0.545	0.55	0.55	0.55	0.55	0.5	0.5	0.5	0.474	0.55	0.5	0.5	0.0	0.188	0.176	0.312	0.333	0.235	0.222	0.235	0.222	0.4	0.368	0.368	0.368	0.294	0.353	0.353	0.353	0.353	0.389	0.444	0.444	0.667	0.667	0.526	0.714	0.714	0.727	0.7
Khanty_1	0.579	0.579	0.579	0.579	0.579	0.632	0.632	0.65	0.65	0.65	0.65	0.579	0.579	0.632	0.579	0.6	0.579	0.55	0.579	0.579	0.579	0.529	0.556	0.529	0.556	0.556	0.556	0.556	0.556	0.579	0.556	0.556	0.556	0.556	0.556	0.556	0.471	0.471	0.529	0.412	0.412	0.188	0.0	0.067	0.4	0.353	0.188	0.235	0.188	0.235	0.333	0.389	0.389	0.389	0.2	0.267	0.267	0.267	0.267	0.312	0.375	0.375	0.615	0.6	0.529	0.857	0.857	0.778	0.778
Khanty_2	0.55	0.55	0.55	0.55	0.55	0.6	0.6	0.619	0.619	0.619	0.619	0.55	0.55	0.6	0.55	0.571	0.55	0.524	0.55	0.55	0.55	0.5	0.526	0.5	0.526	0.526	0.526	0.526	0.526	0.55	0.526	0.526	0.526	0.526	0.526	0.526	0.389	0.444	0.444	0.444	0.444	0.176	0.067	0.0	0.375	0.278	0.235	0.167	0.235	0.167	0.368	0.421	0.421	0.421	0.25	0.312	0.312	0.312	0.312	0.353	0.412	0.412	0.5	0.5	0.444	0.75	0.75	0.6	0.7
Estonian	0.5	0.5	0.5	0.5	0.5	0.526	0.526	0.55	0.526	0.55	0.55	0.5	0.5	0.5	0.5	0.5	0.5	0.476	0.5	0.5	0.5	0.412	0.444	0.412	0.444	0.444	0.444	0.444	0.444	0.5	0.474	0.474	0.474	0.474	0.444	0.444	0.474	0.444	0.474	0.5	0.474	0.312	0.4	0.375	0.0	0.125	0.267	0.25	0.25	0.235	0.444	0.412	0.412	0.412	0.438	0.4	0.4	0.4	0.4	0.444	0.444	0.444	0.5	0.5	0.562	0.714	0.714	0.636	0.6
Finnish	0.524	0.524	0.524	0.524	0.524	0.55	0.55	0.571	0.571	0.571	0.571	0.524	0.524	0.55	0.524	0.545	0.524	0.5	0.524	0.524	0.524	0.474	0.5	0.474	0.5	0.5	0.5	0.5	0.5	0.524	0.5	0.5	0.5	0.5	0.5	0.5	0.45	0.5	0.421	0.524	0.5	0.333	0.353	0.278	0.125	0.0	0.235	0.167	0.222	0.158	0.45	0.421	0.421	0.421	0.444	0.412	0.412	0.412	0.412	0.421	0.474	0.474	0.467	0.471	0.5	0.75	0.75	0.545	0.636
Mari_1	0.526	0.526	0.526	0.526	0.526	0.579	0.579	0.6	0.6	0.6	0.6	0.526	0.526	0.579	0.526	0.55	0.526	0.5	0.526	0.526	0.526	0.471	0.5	0.471	0.5	0.5	0.5	0.5	0.5	0.526	0.5	0.5	0.5	0.5	0.5	0.5	0.389	0.389	0.5	0.368	0.333	0.235	0.188	0.235	0.267	0.235	0.0	0.059	0.059	0.111	0.263	0.222	0.222	0.222	0.235	0.188	0.188	0.188	0.188	0.278	0.333	0.333	0.5	0.5	0.471	0.714	0.714	0.7	0.7
Mari_2	0.5	0.5	0.5	0.5	0.5	0.55	0.55	0.571	0.571	0.571	0.571	0.5	0.5	0.55	0.5	0.524	0.5	0.476	0.5	0.5	0.5	0.444	0.474	0.444	0.474	0.474	0.474	0.474	0.474	0.5	0.474	0.474	0.474	0.474	0.474	0.474	0.316	0.368	0.421	0.4	0.368	0.222	0.235	0.167	0.25	0.167	0.059	0.0	0.111	0.053	0.3	0.263	0.263	0.263	0.278	0.235	0.235	0.235	0.235	0.316	0.368	0.368	0.4	0.412	0.389	0.625	0.625	0.545	0.636
Udmurt_1	0.55	0.55	0.55	0.55	0.55	0.6	0.6	0.619	0.619	0.619	0.619	0.55	0.55	0.6	0.55	0.571	0.55	0.524	0.55	0.55	0.55	0.5	0.526	0.5	0.526	0.526	0.526	0.526	0.526	0.55	0.526	0.526	0.526	0.526	0.526	0.526	0.421	0.421	0.526	0.35	0.368	0.235	0.188	0.235	0.25	0.222	0.059	0.111	0.0	0.053	0.3	0.263	0.263	0.263	0.278	0.235	0.235	0.235	0.235	0.263	0.368	0.368	0.533	0.529	0.5	0.714	0.714	0.727	0.727
Udmurt_2	0.524	0.524	0.524	0.524	0.524	0.571	0.571	0.591	0.591	0.591	0.591	0.524	0.524	0.571	0.524	0.545	0.524	0.5	0.524	0.524	0.524	0.474	0.5	0.474	0.5	0.5	0.5	0.5	0.5	0.524	0.5	0.5	0.5	0.5	0.5	0.5	0.35	0.4	0.45	0.381	0.4	0.222	0.235	0.167	0.235	0.158	0.111	0.053	0.053	0.0	0.333	0.3	0.3	0.3	0.316	0.278	0.278	0.278	0.278	0.3	0.4	0.4	0.438	0.444	0.421	0.625	0.625	0.583	0.667
Yukaghir	0.5	0.5	0.5	0.5	0.5	0.55	0.55	0.571	0.571	0.571	0.571	0.5	0.524	0.571	0.5	0.545	0.5	0.476	0.5	0.524	0.524	0.5	0.526	0.5	0.526	0.526	0.526	0.526	0.526	0.526	0.5	0.5	0.5	0.5	0.55	0.55	0.4	0.4	0.5	0.4	0.368	0.4	0.333	0.368	0.444	0.45	0.263	0.3	0.3	0.333	0.0	0.3	0.3	0.3	0.263	0.167	0.222	0.222	0.222	0.263	0.4	0.4	0.467	0.471	0.5	0.556	0.556	0.583	0.583
Even_1	0.476	0.476	0.476	0.476	0.476	0.524	0.524	0.524	0.524	0.524	0.524	0.476	0.429	0.476	0.476	0.455	0.476	0.476	0.476	0.429	0.429	0.474	0.5	0.474	0.5	0.5	0.5	0.5	0.5	0.5	0.474	0.474	0.474	0.474	0.55	0.55	0.3	0.3	0.4	0.4	0.368	0.368	0.389	0.421	0.412	0.421	0.222	0.263	0.263	0.3	0.3	0.0	0.0	0.0	0.211	0.167	0.167	0.167	0.167	0.316	0.45	0.45	0.562	0.588	0.471	0.556	0.556	0.615	0.615
Even_2	0.476	0.476	0.476	0.476	0.476	0.524	0.524	0.524	0.524	0.524	0.524	0.476	0.429	0.476	0.476	0.455	0.476	0.476	0.476	0.429	0.429	0.474	0.5	0.474	0.5	0.5	0.5	0.5	0.5	0.5	0.474	0.474	0.474	0.474	0.55	0.55	0.3	0.3	0.4	0.4	0.368	0.368	0.389	0.421	0.412	0.421	0.222	0.263	0.263	0.3	0.3	0.0	0.0	0.0	0.211	0.167	0.167	0.167	0.167	0.316	0.45	0.45	0.562	0.588	0.471	0.556	0.556	0.615	0.615
Evenki	0.476	0.476	0.476	0.476	0.476	0.524	0.524	0.524	0.524	0.524	0.524	0.476	0.429	0.476	0.476	0.455	0.476	0.476	0.476	0.429	0.429	0.474	0.5	0.474	0.5	0.5	0.5	0.5	0.5	0.5	0.474	0.474	0.474	0.474	0.55	0.55	0.3	0.3	0.4	0.4	0.368	0.368	0.389	0.421	0.412	0.421	0.222	0.263	0.263	0.3	0.3	0.0	0.0	0.0	0.211	0.167	0.167	0.167	0.167	0.316	0.45	0.45	0.562	0.588	0.471	0.556	0.556	0.615	0.615
Yakut	0.5	0.5	0.5	0.5	0.5	0.55	0.55	0.55	0.55	0.55	0.55	0.5	0.45	0.5	0.5	0.476	0.5	0.5	0.5	0.45	0.45	0.5	0.526	0.5	0.526	0.526	0.526	0.526	0.526	0.526	0.5	0.5	0.5	0.5	0.5	0.5	0.316	0.316	0.421	0.421	0.389	0.294	0.2	0.25	0.438	0.444	0.235	0.278	0.278	0.316	0.263	0.211	0.211	0.211	0.0	0.118	0.062	0.062	0.062	0.235	0.389	0.389	0.533	0.562	0.438	0.5	0.5	0.545	0.545
Uzbek	0.474	0.474	0.474	0.474	0.474	0.526	0.526	0.526	0.526	0.526	0.526	0.474	0.421	0.474	0.474	0.45	0.474	0.474	0.474	0.421	0.421	0.438	0.471	0.438	0.471	0.471	0.471	0.471	0.471	0.471	0.438	0.438	0.438	0.438	0.471	0.471	0.278	0.278	0.389	0.353	0.312	0.353	0.267	0.312	0.4	0.412	0.188	0.235	0.235	0.278	0.167	0.167	0.167	0.167	0.118	0.0	0.062	0.062	0.062	0.235	0.353	0.353	0.5	0.533	0.4	0.556	0.556	0.455	0.455
Kazakh	0.474	0.474	0.474	0.474	0.474	0.526	0.526	0.526	0.526	0.526	0.526	0.474	0.421	0.474	0.474	0.45	0.474	0.474	0.474	0.421	0.421	0.471	0.5	0.471	0.5	0.5	0.5	0.5	0.5	0.5	0.471	0.471	0.471	0.471	0.471	0.471	0.278	0.278	0.389	0.389	0.353	0.353	0.267	0.312	0.4	0.412	0.188	0.235	0.235	0.278	0.222	0.167	0.167	0.167	0.062	0.062	0.0	0.0	0.0	0.188	0.353	0.353	0.5	0.533	0.4	0.5	0.5	0.545	0.545
Kirghiz	0.474	0.474	0.474	0.474	0.474	0.526	0.526	0.526	0.526	0.526	0.526	0.474	0.421	0.474	0.474	0.45	0.474	0.474	0.474	0.421	0.421	0.471	0.5	0.471	0.5	0.5	0.5	0.5	0.5	0.5	0.471	0.471	0.471	0.471	0.471	0.471	0.278	0.278	0.389	0.389	0.353	0.353	0.267	0.312	0.4	0.412	0.188	0.235	0.235	0.278	0.222	0.167	0.167	0.167	0.062	0.062	0.0	0.0	0.0	0.188	0.353	0.353	0.5	0.533	0.4	0.5	0.5	0.545	0.545
Turkish	0.474	0.474	0.474	0.474	0.474	0.526	0.526	0.526	0.526	0.526	0.526	0.474	0.421	0.474	0.474	0.45	0.474	0.474	0.474	0.421	0.421	0.471	0.5	0.471	0.5	0.5	0.5	0.5	0.5	0.5	0.471	0.471	0.471	0.471	0.471	0.471	0.278	0.278	0.389	0.389	0.353	0.353	0.267	0.312	0.4	0.412	0.188	0.235	0.235	0.278	0.222	0.167	0.167	0.167	0.062	0.062	0.0	0.0	0.0	0.188	0.353	0.353	0.5	0.533	0.4	0.5	0.5	0.545	0.545
Buryat	0.45	0.45	0.45	0.45	0.476	0.5	0.5	0.524	0.524	0.524	0.524	0.45	0.476	0.524	0.45	0.5	0.524	0.5	0.524	0.545	0.545	0.474	0.5	0.474	0.524	0.5	0.524	0.5	0.5	0.5	0.55	0.55	0.55	0.55	0.524	0.524	0.35	0.35	0.45	0.286	0.381	0.389	0.312	0.353	0.444	0.421	0.278	0.316	0.263	0.3	0.263	0.316	0.316	0.316	0.235	0.235	0.188	0.188	0.188	0.0	0.35	0.35	0.5	0.5	0.529	0.667	0.667	0.714	0.714
Archi	0.389	0.389	0.389	0.389	0.389	0.444	0.444	0.474	0.474	0.474	0.474	0.389	0.389	0.444	0.389	0.421	0.421	0.4	0.421	0.421	0.421	0.412	0.353	0.412	0.353	0.353	0.353	0.353	0.353	0.389	0.389	0.389	0.389	0.389	0.353	0.353	0.278	0.278	0.421	0.25	0.211	0.444	0.375	0.412	0.444	0.474	0.333	0.368	0.368	0.4	0.4	0.45	0.45	0.45	0.389	0.353	0.353	0.353	0.353	0.35	0.0	0.0	0.562	0.471	0.529	0.778	0.778	0.727	0.727
Lak	0.389	0.389	0.389	0.389	0.389	0.444	0.444	0.474	0.474	0.474	0.474	0.389	0.389	0.444	0.389	0.421	0.421	0.4	0.421	0.421	0.421	0.412	0.353	0.412	0.353	0.353	0.353	0.353	0.353	0.389	0.389	0.389	0.389	0.389	0.353	0.353	0.278	0.278	0.421	0.25	0.211	0.444	0.375	0.412	0.444	0.474	0.333	0.368	0.368	0.4	0.4	0.45	0.45	0.45	0.389	0.353	0.353	0.353	0.353	0.35	0.0	0.0	0.562	0.471	0.529	0.778	0.778	0.727	0.727
Basque_Central	0.478	0.478	0.478	0.545	0.5	0.478	0.478	0.522	0.545	0.565	0.565	0.478	0.435	0.5	0.435	0.478	0.636	0.682	0.636	0.667	0.667	0.5	0.474	0.444	0.5	0.526	0.55	0.526	0.526	0.55	0.611	0.611	0.611	0.611	0.6	0.6	0.444	0.5	0.471	0.529	0.562	0.667	0.615	0.5	0.5	0.467	0.5	0.4	0.533	0.438	0.467	0.562	0.562	0.562	0.533	0.5	0.5	0.5	0.5	0.5	0.562	0.562	0.0	0.167	0.588	0.75	0.75	0.545	0.636
Basque_Western	0.5	0.5	0.5	0.565	0.52	0.5	0.5	0.5	0.48	0.538	0.538	0.5	0.458	0.458	0.458	0.5	0.652	0.625	0.652	0.636	0.636	0.526	0.5	0.474	0.524	0.55	0.571	0.55	0.55	0.571	0.556	0.556	0.556	0.556	0.591	0.591	0.389	0.444	0.412	0.444	0.471	0.667	0.6	0.5	0.5	0.471	0.5	0.412	0.529	0.444	0.471	0.588	0.588	0.588	0.562	0.533	0.533	0.533	0.533	0.5	0.471	0.471	0.167	0.0	0.619	0.75	0.75	0.545	0.636
Malagasy	0.6	0.6	0.6	0.6	0.6	0.6	0.6	0.55	0.571	0.55	0.55	0.6	0.619	0.55	0.619	0.636	0.579	0.619	0.579	0.6	0.6	0.556	0.6	0.579	0.6	0.6	0.6	0.6	0.6	0.6	0.556	0.556	0.556	0.556	0.579	0.579	0.471	0.529	0.529	0.611	0.588	0.526	0.529	0.444	0.562	0.5	0.471	0.389	0.5	0.421	0.5	0.471	0.471	0.471	0.438	0.4	0.4	0.4	0.4	0.529	0.529	0.529	0.588	0.619	0.0	0.667	0.667	0.5	0.6
Mandarin	0.625	0.625	0.625	0.625	0.667	0.625	0.625	0.625	0.625	0.625	0.625	0.625	0.5	0.5	0.625	0.556	0.667	0.667	0.667	0.556	0.556	0.714	0.714	0.714	0.75	0.714	0.75	0.714	0.714	0.714	0.75	0.75	0.75	0.75	0.75	0.75	0.444	0.375	0.556	0.75	0.75	0.714	0.857	0.75	0.714	0.75	0.714	0.625	0.714	0.625	0.556	0.556	0.556	0.556	0.5	0.556	0.5	0.5	0.5	0.667	0.778	0.778	0.75	0.75	0.667	0.0	0.1	0.538	0.5
Cantonese	0.625	0.625	0.625	0.625	0.667	0.625	0.625	0.625	0.625	0.625	0.625	0.625	0.5	0.5	0.625	0.556	0.667	0.667	0.667	0.556	0.556	0.714	0.714	0.714	0.75	0.714	0.75	0.714	0.714	0.714	0.75	0.75	0.75	0.75	0.75	0.75	0.444	0.375	0.556	0.75	0.75	0.714	0.857	0.75	0.714	0.75	0.714	0.625	0.714	0.625	0.556	0.556	0.556	0.556	0.5	0.556	0.5	0.5	0.5	0.667	0.778	0.778	0.75	0.75	0.667	0.1	0.0	0.538	0.5
Japanese	0.615	0.615	0.615	0.615	0.615	0.615	0.615	0.615	0.615	0.615	0.615	0.615	0.538	0.538	0.615	0.571	0.5	0.5	0.5	0.417	0.417	0.636	0.636	0.636	0.545	0.636	0.545	0.636	0.636	0.636	0.5	0.5	0.5	0.5	0.545	0.545	0.5	0.571	0.462	0.75	0.7	0.727	0.778	0.6	0.636	0.545	0.7	0.545	0.727	0.583	0.583	0.615	0.615	0.615	0.545	0.455	0.545	0.545	0.545	0.714	0.727	0.727	0.545	0.545	0.5	0.538	0.538	0.0	0.167
Korean	0.583	0.583	0.583	0.583	0.583	0.583	0.583	0.583	0.583	0.583	0.583	0.583	0.5	0.5	0.583	0.538	0.455	0.455	0.455	0.364	0.364	0.6	0.6	0.6	0.5	0.6	0.5	0.6	0.6	0.6	0.444	0.444	0.444	0.444	0.5	0.5	0.571	0.538	0.538	0.75	0.7	0.7	0.778	0.7	0.6	0.636	0.7	0.636	0.727	0.667	0.583	0.615	0.615	0.615	0.545	0.455	0.545	0.545	0.545	0.714	0.727	0.727	0.636	0.636	0.6	0.5	0.5	0.167	0.0
